{
    "contact_points": [
        [
            [
                -0.02651299008759906,
                -0.032950238582749695,
                0.004142432316472118
            ],
            [
                -0.1885420639165264,
                0.6653834140795964,
                0.7222996624683393
            ],
            [
                0.17296315938360568,
                0.7464921672227082,
                -0.6425209644604494
            ],
            [
                -0.96671383337063,
                0.0037890028932257014,
                -0.25583199140634705
            ]
        ],
        [
            [
                0.029423981593448105,
                0.05403362466705864,
                0.008955593321445871
            ],
            [
                -0.0060671969573498075,
                -0.1022642275265402,
                0.9947387681645272
            ],
            [
                -0.000745923704648252,
                -0.9947563376906814,
                -0.10227058336613726
            ],
            [
                0.9999813161849114,
                -0.0013624949993319424,
                0.005959101313891768
            ]
        ],
        [
            [
                -0.025842041806462386,
                -0.03407530464011398,
                0.004258402906200433
            ],
            [
                0.16074427345388953,
                0.8444170177977567,
                -0.5110001747605613
            ],
            [
                -0.23394649320780803,
                0.5355757416303457,
                0.8114355570794727
            ],
            [
                0.9588692908147336,
                -0.010886920163581615,
                0.2836391335866783
            ]
        ],
        [
            [
                -0.028430208905133876,
                -0.03293360638844677,
                0.002343319989212185
            ],
            [
                0.23821611090350803,
                0.778736545225542,
                -0.5803640905812446
            ],
            [
                -0.17829677538119337,
                0.6224760173281564,
                0.7620589660518045
            ],
            [
                0.9547058941866213,
                -0.0780576772743346,
                0.28713003086382305
            ]
        ],
        [
            [
                0.0453831857873326,
                0.0822636081612661,
                0.008091560003805471
            ],
            [
                0.04680624118903065,
                -0.1996471576501997,
                0.9787492979450615
            ],
            [
                0.2502958156676494,
                -0.9462211557842153,
                -0.2049817772526381
            ],
            [
                0.9670373211231408,
                0.2545712803687415,
                0.005681792533985208
            ]
        ],
        [
            [
                0.03435923648694977,
                -0.05065635260108058,
                0.008400101481137897
            ],
            [
                -0.1364387682627799,
                -0.6635161623387241,
                0.7356159084945263
            ],
            [
                -0.2653581324207308,
                0.73990295432453,
                0.6181655763143192
            ],
            [
                -0.954447234829206,
                -0.11085991384230948,
                -0.2770208573912051
            ]
        ],
        [
            [
                0.03372144907133723,
                -0.054729780535084586,
                0.0033655981267474338
            ],
            [
                -0.0443818491659951,
                -0.015671204915424633,
                -0.9988917182563412
            ],
            [
                0.004287298093089837,
                0.999864761464542,
                -0.0158769599267518
            ],
            [
                0.999005440695729,
                -0.004987195399567289,
                -0.04430865990276265
            ]
        ],
        [
            [
                -0.021355014317223815,
                -0.03689197605783772,
                0.0017370298948910972
            ],
            [
                -0.4359648046310708,
                0.8537358837075694,
                -0.2847274661725635
            ],
            [
                0.48967804736965126,
                0.49047214589789717,
                0.7208692558450234
            ],
            [
                0.755082842506197,
                0.1748488346211317,
                -0.631884313766685
            ]
        ],
        [
            [
                -0.02560394000912631,
                -0.03338823079948216,
                0.002220368970700233
            ],
            [
                0.23712140124310915,
                0.7317438718938053,
                0.6390026189448416
            ],
            [
                -0.1010759369908808,
                0.6727748954900155,
                -0.7329103594300015
            ],
            [
                -0.9662075843388519,
                0.10920094296415611,
                0.2334910234287802
            ]
        ],
        [
            [
                -0.026182137204578466,
                -0.03431804839296703,
                0.009042950983228566
            ],
            [
                0.16737136547146533,
                0.8048453720909955,
                -0.5693950764134899
            ],
            [
                -0.1838199608015878,
                0.5928900954168181,
                0.7840226761819704
            ],
            [
                0.9686057237241166,
                -0.026556765246224134,
                0.24717946959352635
            ]
        ],
        [
            [
                0.008251783261244363,
                -0.04405029108062818,
                0.001505785440787684
            ],
            [
                0.5355097780658665,
                -0.29780197752287285,
                -0.7902804943684951
            ],
            [
                0.6835137033005394,
                0.7024400778731658,
                0.19846146829529213
            ],
            [
                0.4960224742854187,
                -0.646445604193429,
                0.5797152627133119
            ]
        ],
        [
            [
                0.03339926523960734,
                -0.054962551374800765,
                0.009393638421880905
            ],
            [
                0.32092225900024185,
                -0.315030327162652,
                -0.8931768003290135
            ],
            [
                0.03785543917268558,
                0.9465724342577109,
                -0.3202617561128319
            ],
            [
                0.9463487039158585,
                0.06896752620780558,
                0.31570177529679944
            ]
        ],
        [
            [
                0.041005373598593624,
                -0.03922351612220797,
                0.007595876556652799
            ],
            [
                -0.8092374824559594,
                -0.5601778562405932,
                -0.1770182656282517
            ],
            [
                -0.014149004444708069,
                0.31981369202488263,
                -0.947374798095578
            ],
            [
                0.5873112485399582,
                -0.7641465643259198,
                -0.2667311859669368
            ]
        ],
        [
            [
                0.03335587959776808,
                -0.05489103274670037,
                0.009404524300926208
            ],
            [
                0.1617834783117844,
                -0.24307936252577156,
                -0.956419640983708
            ],
            [
                -0.007279107573210833,
                0.9688671247836886,
                -0.2474742594823267
            ],
            [
                0.9867994328830343,
                0.046999127943536015,
                0.1549772926407902
            ]
        ],
        [
            [
                0.031046390647065318,
                -0.05558833980795585,
                0.0041094721597764354
            ],
            [
                0.34900403936920754,
                -0.2672198499248861,
                -0.898214747323878
            ],
            [
                0.030318851109962616,
                0.9612009583532507,
                -0.2741778344946297
            ],
            [
                0.9366306357211196,
                0.06845633255524243,
                0.3435648159543371
            ]
        ],
        [
            [
                -0.01028229231224032,
                -0.03422976219312745,
                0.0033717129265165196
            ],
            [
                0.4215755235226811,
                0.01607344092503446,
                -0.9066508272005308
            ],
            [
                -0.004622394810584996,
                0.9998679911831962,
                0.015576702908352917
            ],
            [
                0.906781512511582,
                -0.0023758586046818218,
                0.42159416962654755
            ]
        ],
        [
            [
                -0.02625601130678807,
                -0.03584548949777288,
                0.0023602903550871595
            ],
            [
                -0.032018064723298725,
                0.7571779984674099,
                -0.652423422455281
            ],
            [
                0.2732513959353349,
                0.6345211946042975,
                0.7229913749259576
            ],
            [
                0.9614096515797861,
                -0.15512682629004815,
                -0.22721608572988772
            ]
        ],
        [
            [
                -0.02982312971226881,
                -0.026808260278354694,
                0.009293391645724462
            ],
            [
                -0.4615331971936764,
                0.799284462278732,
                -0.3848784954345743
            ],
            [
                0.453726773478509,
                0.5854930890970427,
                0.67181087937632
            ],
            [
                0.7623116966943149,
                0.13543334515325584,
                -0.6328812575069942
            ]
        ],
        [
            [
                -0.027628436604138003,
                -0.032690809214173215,
                0.00887735717059478
            ],
            [
                0.1555218829280558,
                0.7192892527891319,
                0.6770789575467286
            ],
            [
                -0.35818366375281313,
                0.6798351920398074,
                -0.639944196539675
            ],
            [
                -0.920607086085657,
                -0.14299329524929066,
                0.36336690900882174
            ]
        ],
        [
            [
                0.03285295075380939,
                -0.05326773051720334,
                0.005270566159885759
            ],
            [
                -0.42081863203858566,
                -0.43420724136200856,
                0.7964770872272274
            ],
            [
                -0.27458830683722896,
                0.8977855783622476,
                0.34435783283240284
            ],
            [
                -0.8645883070441317,
                -0.07379110267206854,
                -0.49703313017242917
            ]
        ],
        [
            [
                0.03371366742031258,
                -0.05416758848865554,
                0.009195003972237565
            ],
            [
                0.21189176509418378,
                0.01055674485469163,
                -0.9772361204045542
            ],
            [
                0.1855935767269707,
                0.9813103777923806,
                0.05084256793933005
            ],
            [
                0.9595086785240462,
                -0.19214186835525537,
                0.20597232401949156
            ]
        ],
        [
            [
                0.03156714590583925,
                -0.055846490738926106,
                0.009837011508624722
            ],
            [
                0.08074785499686947,
                -0.31954076624480254,
                0.9441257769074464
            ],
            [
                0.007619364588995342,
                0.9473890736403278,
                0.31999357560767044
            ],
            [
                -0.9967054375273895,
                -0.018645156330971635,
                0.07893433314299377
            ]
        ],
        [
            [
                0.023096400065915616,
                -0.05554649622482521,
                0.008218635217763216
            ],
            [
                -0.31847049063505356,
                -0.09732637286147307,
                0.9429231801903578
            ],
            [
                -0.09458758591044732,
                0.9930135511390357,
                0.0705498110973771
            ],
            [
                -0.9432018528323097,
                -0.06672079435881562,
                -0.3254513794928923
            ]
        ],
        [
            [
                0.0343914784751082,
                -0.054226143396672415,
                0.002887507062637425
            ],
            [
                -0.31889070362897065,
                -0.4056254762375431,
                -0.8566076652506015
            ],
            [
                -0.09203395740957962,
                0.912774539167309,
                -0.39796028863623883
            ],
            [
                0.9433124984980067,
                -0.048068843079205115,
                -0.328406632853959
            ]
        ],
        [
            [
                -0.022343737732595077,
                -0.0383080471803403,
                0.0086061353021341
            ],
            [
                0.4924283573617662,
                0.7098420996177904,
                -0.5036253632177391
            ],
            [
                -0.5957192325909485,
                0.6967508259118811,
                0.39957087295292604
            ],
            [
                0.6345336151751492,
                0.10325928627159289,
                0.7659664555392991
            ]
        ],
        [
            [
                -0.03143001580636849,
                -0.029042293643050325,
                0.0020325391398549235
            ],
            [
                -0.4170589651828781,
                0.05310881877036329,
                0.9073264423179808
            ],
            [
                0.2805795382124748,
                0.9570544944737752,
                0.07295078713777658
            ],
            [
                -0.8644865194420683,
                0.2850020139865041,
                -0.41404940493445375
            ]
        ],
        [
            [
                0.03338619196174263,
                -0.054864482418430775,
                0.009395113383089852
            ],
            [
                0.17283331316771644,
                -0.34320565382833923,
                -0.923221817896291
            ],
            [
                0.07893168089277336,
                0.9391391345208611,
                -0.334346341034038
            ],
            [
                0.9817832936095987,
                -0.015085264057020153,
                0.18940432729327616
            ]
        ],
        [
            [
                -0.028006347465392385,
                -0.03350194724834831,
                0.0021630071955579437
            ],
            [
                0.15606317656273705,
                0.806533345000402,
                -0.5702177201066366
            ],
            [
                -0.08195270973575186,
                0.5858736955383345,
                0.8062479558071591
            ],
            [
                0.9843414236372031,
                -0.0790947297783971,
                0.15753090310528528
            ]
        ],
        [
            [
                -0.01889480154602436,
                -0.03732139762481689,
                0.003165954294271374
            ],
            [
                -0.6424186486838595,
                0.7078302211170298,
                -0.2937254805028338
            ],
            [
                0.4137215929005394,
                0.642954928407453,
                0.6445489924004282
            ],
            [
                0.645083501099698,
                0.2925497190393175,
                -0.7058908828558222
            ]
        ],
        [
            [
                -0.02636995731633069,
                -0.03400209950765198,
                0.009121756698228487
            ],
            [
                -0.2457891515486256,
                0.7642447469081644,
                -0.5962530165997342
            ],
            [
                0.2459906817823596,
                0.6441643694560268,
                0.7242519241255556
            ],
            [
                0.9375906769253077,
                0.031340579870122676,
                -0.3463257001669784
            ]
        ],
        [
            [
                0.03058131114586298,
                -0.056211797406385815,
                0.00139973805291906
            ],
            [
                -0.14421777128080193,
                -0.3404702858110155,
                -0.9291292799856022
            ],
            [
                0.24320421136024256,
                0.8979496044085524,
                -0.36679451947809505
            ],
            [
                0.9591939042880958,
                -0.278866441907752,
                -0.046696483318014785
            ]
        ],
        [
            [
                -0.02648623644101484,
                -0.032959104111316966,
                0.004530678386615823
            ],
            [
                0.28552217654997675,
                0.7278281455139762,
                -0.6234928045261233
            ],
            [
                -0.23457888503687108,
                0.6838603726440942,
                0.6908746177288172
            ],
            [
                0.9292200134483882,
                -0.05100177766281527,
                0.365990416926742
            ]
        ],
        [
            [
                0.022069220823898887,
                -0.057010877945944165,
                0.0009490160159466203
            ],
            [
                -0.6485592286277289,
                -0.3879579770712477,
                0.6548736786500056
            ],
            [
                -0.16458196075622125,
                0.9114810937830901,
                0.3769814237726039
            ],
            [
                -0.743157927465921,
                0.13671438732908547,
                -0.6550003596501225
            ]
        ],
        [
            [
                -0.02560474343050107,
                -0.03559408053640644,
                0.002372220710981772
            ],
            [
                0.12309452205968746,
                0.7528286828000995,
                0.646603984670961
            ],
            [
                -0.22581217896668415,
                0.6557152597307827,
                -0.7204487198867873
            ],
            [
                -0.9663625605688662,
                -0.05732776386411237,
                0.2507128417555136
            ]
        ],
        [
            [
                0.03206258041661424,
                -0.054792978117769835,
                0.009355182451084774
            ],
            [
                -0.17029813265497074,
                -0.35020657104013175,
                -0.9210612919966528
            ],
            [
                -0.024805194101783307,
                0.9359424186230277,
                -0.351278367349386
            ],
            [
                0.985080325841402,
                -0.03697494587407099,
                -0.1680761881344489
            ]
        ],
        [
            [
                -0.025860635379940385,
                -0.03345138517181822,
                0.0052898665456972875
            ],
            [
                0.40307185895545855,
                0.8152891073325663,
                -0.41573639242079574
            ],
            [
                -0.35354709665693385,
                0.557725825525665,
                0.7509636169530238
            ],
            [
                0.8441193795688162,
                -0.15570990657817024,
                0.5130466821155497
            ]
        ],
        [
            [
                0.034006155233999906,
                -0.050982007490280805,
                0.003950908250526884
            ],
            [
                0.09108273077985464,
                -0.2501757998196416,
                -0.9639066372519111
            ],
            [
                -0.1683900677597362,
                0.9501227681029863,
                -0.26251002002245655
            ],
            [
                0.9815032965984148,
                0.1862224334416284,
                0.04441265641145885
            ]
        ],
        [
            [
                0.0216298740121239,
                -0.056975456286556085,
                0.0014189073515179966
            ],
            [
                0.6436749368069841,
                -0.41657134180808075,
                -0.6419897919054014
            ],
            [
                0.1270046412122924,
                0.8853872820829245,
                -0.4471679570769234
            ],
            [
                0.7546869528732176,
                0.20629512333069705,
                0.6228080966500922
            ]
        ],
        [
            [
                0.03348219687616654,
                -0.05462784098140105,
                0.009327375654111975
            ],
            [
                -0.26398730740750986,
                -0.3159005266391573,
                -0.9113273609394354
            ],
            [
                -0.049366411130059296,
                0.9480315058075378,
                -0.31432343445634225
            ],
            [
                0.9632619887548095,
                -0.03798843594300258,
                -0.26586315982988984
            ]
        ],
        [
            [
                -0.02575576214928072,
                -0.03405899891088037,
                0.009038588062359524
            ],
            [
                -0.252372579115882,
                0.722607560015003,
                0.6435420697355863
            ],
            [
                0.016997334364579286,
                0.6682782889175509,
                -0.7437171634337407
            ],
            [
                -0.9674808380194913,
                -0.17675531893155189,
                -0.1809375176532187
            ]
        ],
        [
            [
                -0.026081584089879657,
                -0.032984711107678304,
                0.005060059786702352
            ],
            [
                -0.2630659845442322,
                0.7770423477604369,
                0.5718404301575064
            ],
            [
                0.3240253283475498,
                0.6294481215189772,
                -0.7062596186286552
            ],
            [
                -0.9087375167588474,
                -0.0005020987741909955,
                -0.4173677916799338
            ]
        ],
        [
            [
                0.04573927201439359,
                0.08453535143351465,
                0.007181531375839397
            ],
            [
                0.20849905032564925,
                0.4806675639622653,
                0.8517551520054832
            ],
            [
                -0.0464130158947256,
                -0.8650511289754758,
                0.49953215733705325
            ],
            [
                0.9769206610410378,
                -0.14368450582034328,
                -0.1580531075882577
            ]
        ],
        [
            [
                0.03392511558982391,
                -0.05524232034017106,
                0.0025586845058834977
            ],
            [
                0.08316877921276476,
                -0.4058161030274874,
                0.910162757251604
            ],
            [
                -0.11770538473712563,
                0.9029333131171383,
                0.4133483693776877
            ],
            [
                -0.98955969833464,
                -0.1415087367864324,
                0.027329120823118017
            ]
        ],
        [
            [
                -0.025481874345548335,
                -0.034997820852072585,
                0.0023297907102220504
            ],
            [
                -0.1519434649328435,
                0.784069946578011,
                -0.6017869243655571
            ],
            [
                0.14247812464480475,
                0.6198722600304657,
                0.7716594878846642
            ],
            [
                0.9780660343054048,
                0.03150714391812992,
                -0.20589835458356875
            ]
        ],
        [
            [
                0.03230430664022207,
                -0.05580342788089742,
                0.0021771660882345016
            ],
            [
                0.10441350584679544,
                -0.19068515773094522,
                -0.9760824711149699
            ],
            [
                0.10620096554986666,
                0.9779731225777955,
                -0.17969397995401173
            ],
            [
                0.9888473970805899,
                -0.08489842246214749,
                0.12236455021934044
            ]
        ],
        [
            [
                -0.02621607439500246,
                -0.03482835701333708,
                0.002261438795252581
            ],
            [
                -0.03081851590158992,
                0.761616981489128,
                -0.6472942086756325
            ],
            [
                0.10563795211680055,
                0.6464566944065349,
                0.7556019887014229
            ],
            [
                0.9939269802909029,
                -0.045092302717490984,
                -0.10037849413814769
            ]
        ],
        [
            [
                0.034367140413007445,
                -0.05430100742431775,
                0.0028665517526810695
            ],
            [
                -0.3074840022286691,
                -0.3018120507068946,
                -0.902420674863746
            ],
            [
                -0.08517304586426279,
                0.9532887662399266,
                -0.2898035203702033
            ],
            [
                0.9477336865552708,
                -0.012248028774358904,
                -0.3188272967603284
            ]
        ],
        [
            [
                0.028749429231308597,
                -0.05552095395817668,
                0.009377375615946554
            ],
            [
                -0.38877350066200245,
                -0.19459773759145255,
                -0.9005481029391492
            ],
            [
                0.15013353360149462,
                0.9509947924121827,
                -0.2703124615944274
            ],
            [
                0.9090187496808529,
                -0.2402927908390056,
                -0.3405059285819574
            ]
        ],
        [
            [
                -0.02595232010217747,
                -0.03534987900831576,
                0.002306920830348021
            ],
            [
                -0.07406811913025618,
                0.7819242185624007,
                -0.6189575350168098
            ],
            [
                0.1880537768858065,
                0.6204786721418476,
                0.7613422321243405
            ],
            [
                0.9793618793518001,
                -0.06000611504395914,
                -0.1930014907451278
            ]
        ],
        [
            [
                0.03342500222398944,
                -0.054737189550618674,
                0.009365691246736158
            ],
            [
                -0.17612308532342552,
                -0.23304603522422568,
                -0.9563839209660663
            ],
            [
                0.022859140753783494,
                0.9703410888577993,
                -0.24065666614133027
            ],
            [
                0.9841026971308211,
                -0.06424730920847929,
                -0.16557223426442597
            ]
        ],
        [
            [
                0.03337505420402175,
                -0.05486425949084749,
                0.009400031119420466
            ],
            [
                0.17339570728397524,
                -0.2596273258315507,
                -0.9500145158770195
            ],
            [
                0.07671016954654498,
                0.9652562779854548,
                -0.2497916485749805
            ],
            [
                0.9818602133621823,
                -0.029562975006316078,
                0.1872873512150397
            ]
        ],
        [
            [
                -0.02553461889562942,
                -0.034218300085506186,
                0.008984025835325055
            ],
            [
                0.3004575752989387,
                0.8167695960227243,
                -0.4925572783528419
            ],
            [
                -0.11423547636169151,
                0.5435167801225576,
                0.8315886998183809
            ],
            [
                0.9469295123639881,
                -0.19358960906537248,
                0.2566077977693122
            ]
        ],
        [
            [
                0.0340414461250022,
                -0.05476311791782861,
                0.0034350072512816287
            ],
            [
                -0.031877477838519,
                -0.5274423308198108,
                0.8489925877568191
            ],
            [
                -0.04210301298871216,
                0.8493789268746622,
                0.5261014872422618
            ],
            [
                -0.9986046077922569,
                -0.018974357449268675,
                -0.04928296922325517
            ]
        ],
        [
            [
                0.03242850806137459,
                -0.05477693881319345,
                0.009253787079145249
            ],
            [
                -0.23053800490491536,
                -0.30481908274142394,
                -0.9240874174509349
            ],
            [
                0.050172291952753634,
                0.9446814854842994,
                -0.3241290361929726
            ],
            [
                0.9717689897371026,
                -0.12108764503389541,
                -0.2024915129220888
            ]
        ],
        [
            [
                -0.022103438957950368,
                -0.03646991973463797,
                0.001526115916418329
            ],
            [
                -0.39168692846376524,
                0.7409097405569622,
                -0.5455585270330184
            ],
            [
                0.39826734945367614,
                0.671034215089282,
                0.6253768468201035
            ],
            [
                0.8294362353006802,
                0.027673787730028987,
                -0.5579154891584465
            ]
        ],
        [
            [
                0.033967935043606505,
                -0.05495697867085946,
                0.0033027818819689097
            ],
            [
                -0.10359775230751944,
                -0.41644737927106945,
                -0.903238111471769
            ],
            [
                0.02881525897150994,
                0.9064866269300031,
                -0.42125013477442397
            ],
            [
                0.9942017836270637,
                -0.06966760721686652,
                -0.08190993796507073
            ]
        ],
        [
            [
                0.029621413580413196,
                0.054712948727860373,
                0.00904157160349774
            ],
            [
                -0.0445225503480664,
                0.07736237200297362,
                0.9960084366653617
            ],
            [
                -0.16273668327069496,
                -0.9842417075597156,
                0.0691739330816814
            ],
            [
                0.9856645039913721,
                -0.15900730957414802,
                0.05641064680921193
            ]
        ],
        [
            [
                0.03342772462905124,
                -0.05487978795425751,
                0.0031512706834106357
            ],
            [
                -0.08328136643684578,
                -0.22978462332020572,
                -0.9696717181036079
            ],
            [
                0.011240144385514877,
                0.9727735280691969,
                -0.23148503675615856
            ],
            [
                0.9964626802638443,
                -0.03017764028877118,
                -0.0784310963075038
            ]
        ],
        [
            [
                0.0330607896442922,
                -0.05362010362575841,
                0.004193542497898277
            ],
            [
                0.09317172958933356,
                0.4181163585152671,
                -0.903602644721265
            ],
            [
                -0.15224113562294894,
                0.9028610155940127,
                0.4020753948512428
            ],
            [
                0.9839419014502669,
                0.100103432820661,
                0.1477756316445728
            ]
        ],
        [
            [
                0.029359206241906882,
                0.0539286720737352,
                0.008965779834400642
            ],
            [
                -0.0030624094984771366,
                -0.0009195629745409155,
                0.9999948880129337
            ],
            [
                0.060414346204745784,
                -0.9981731160822518,
                -0.000732873318508593
            ],
            [
                0.998168687357361,
                0.06041179300917758,
                0.003112369627715772
            ]
        ],
        [
            [
                -0.027235620130846523,
                -0.0365852455429894,
                0.009262963284756207
            ],
            [
                0.0341694739199323,
                -0.9967710876215337,
                -0.0726625483575975
            ],
            [
                0.316443470528845,
                0.07975469983335376,
                -0.9452527269540946
            ],
            [
                0.94799576845664,
                0.009305199421654642,
                0.31814687842571726
            ]
        ],
        [
            [
                0.03416712361325535,
                -0.05444544911984194,
                0.0036686874169685234
            ],
            [
                0.08487563970674056,
                -0.27801313871980027,
                -0.9568201609934529
            ],
            [
                0.003693382211301277,
                0.9603664863610002,
                -0.2787159320929976
            ],
            [
                0.9963847071850377,
                0.020122290470826004,
                0.08253852866386041
            ]
        ],
        [
            [
                0.03340733505717463,
                -0.054767499947087066,
                0.009366899158676018
            ],
            [
                -0.05588733465115015,
                -0.2775831296044362,
                -0.9590746644472459
            ],
            [
                -0.0967464830077541,
                0.9575613748410816,
                -0.2715075163565236
            ],
            [
                0.9937387603647252,
                0.07761326930019329,
                -0.08037074453627378
            ]
        ],
        [
            [
                -0.02021886979026572,
                -0.03713486113868108,
                0.002257537581725107
            ],
            [
                -0.6052641635130511,
                0.7770890351805981,
                -0.172591783607835
            ],
            [
                0.4687801631255264,
                0.5231947049381518,
                0.7116968872945035
            ],
            [
                0.6433509547881712,
                0.3498570166893434,
                -0.6809549301138667
            ]
        ],
        [
            [
                0.03485921526034335,
                -0.051014231683704774,
                0.00362239897166453
            ],
            [
                -0.29384807760374004,
                -0.27657596234634196,
                -0.9149639579463126
            ],
            [
                -0.1490614637183197,
                0.9587715484957182,
                -0.24194585722693274
            ],
            [
                0.9441578190762067,
                0.06529054179066135,
                -0.3229599941632763
            ]
        ],
        [
            [
                -0.030491599599485393,
                -0.02528697565917879,
                0.0033804322355898185
            ],
            [
                -0.05934065630471208,
                0.9967195784424112,
                0.05503424805435653
            ],
            [
                0.13692041656406184,
                0.06273724436271644,
                -0.9885933631669277
            ],
            [
                -0.9888030572552101,
                -0.05112846681991562,
                -0.1401941291331238
            ]
        ],
        [
            [
                -0.02939123496217861,
                -0.031780251026797705,
                0.0025331626439829185
            ],
            [
                -0.144643871385723,
                0.6463198243144319,
                0.7492321637307843
            ],
            [
                0.10909201205105484,
                0.7629954570500858,
                -0.6371317488774073
            ],
            [
                -0.9834516172019868,
                -0.010421958505627882,
                -0.18087094682038918
            ]
        ],
        [
            [
                0.04118411587469966,
                -0.04547485624018787,
                0.011855111335392288
            ],
            [
                -0.7144852695678559,
                -0.3784180893634098,
                0.5884815623391226
            ],
            [
                -0.42166837667100776,
                0.9040894265946569,
                0.06941245446878815
            ],
            [
                -0.5583068866548087,
                -0.19854988884985764,
                -0.8055255191187451
            ]
        ],
        [
            [
                0.0336343398451035,
                -0.0529037746300216,
                0.008735624476651955
            ],
            [
                -0.4572420226614279,
                -0.11652463986493025,
                -0.8816755304627858
            ],
            [
                -0.5364792629345361,
                0.8268298082319768,
                0.1689451646549535
            ],
            [
                0.7093093353070318,
                0.5502494675357903,
                -0.4405743868211997
            ]
        ],
        [
            [
                -0.025129585100985348,
                -0.03459675592071875,
