{
    "contact_points": [
        [
            [
                0.15860324833244743,
                0.0012506118759470254,
                0.02125015325459765
            ],
            [
                0.26156826475250095,
                -0.6128291161168754,
                -0.7456691741742951
            ],
            [
                0.957400789078464,
                0.26265999155486563,
                0.11997273818802662
            ],
            [
                0.1223346718894543,
                -0.7452853166914049,
                0.6554265975514668
            ]
        ],
        [
            [
                0.15860299764543662,
                0.0012539671444219865,
                0.021249305808295184
            ],
            [
                0.19350435919927333,
                -0.5018788515409837,
                -0.8430146388686154
            ],
            [
                0.9792128688709641,
                0.1520568399115962,
                0.13424185216837292
            ],
            [
                0.060812995390579605,
                -0.8514671666083212,
                0.5208698914120713
            ]
        ],
        [
            [
                0.07008855987223617,
                0.006451554373675592,
                -0.009708884726670882
            ],
            [
                0.07259299339823522,
                0.5777885017236268,
                0.812951846412474
            ],
            [
                -0.9931642383946739,
                0.11657968567186439,
                0.005828590101984832
            ],
            [
                -0.09140597837894104,
                -0.807817816196583,
                0.5823017456198913
            ]
        ],
        [
            [
                0.12888130426890476,
                0.013633356404533784,
                -0.018340668434829753
            ],
            [
                0.325296120056559,
                0.9290135380328126,
                -0.17639807376472352
            ],
            [
                -0.6982994512344742,
                0.11021705168223456,
                -0.7072694521355409
            ],
            [
                -0.6376208204581947,
                0.35325068672294435,
                0.6845828230740145
            ]
        ],
        [
            [
                0.17626031126282593,
                0.003792504276111445,
                0.011250507816651803
            ],
            [
                -0.05298049412098682,
                -0.5705763956861376,
                -0.8195337966969467
            ],
            [
                0.8968133413462067,
                0.33378677975646,
                -0.29036565988984475
            ],
            [
                0.43922533855203366,
                -0.7503525586986619,
                0.4940163353860101
            ]
        ],
        [
            [
                0.17874302772947964,
                0.01123910511182075,
                -0.012080696786049635
            ],
            [
                0.37511787351195713,
                -0.4116130326731539,
                -0.8305788898746924
            ],
            [
                -0.9241062519338825,
                -0.09558749975266471,
                -0.3699873849575764
            ],
            [
                0.07289867014273199,
                0.906332025929043,
                -0.41623075651227137
            ]
        ],
        [
            [
                0.14124959117216995,
                0.016685381706090716,
                -0.023748191384462068
            ],
            [
                0.4906645373162915,
                -0.6924901215703527,
                0.5288721427222911
            ],
            [
                0.6768551725501442,
                -0.07932993459996837,
                -0.7318291035948755
            ],
            [
                0.5487398174110423,
                0.7170524339292369,
                0.4297911350689464
            ]
        ],
        [
            [
                0.14874257514525768,
                0.01841311783824884,
                -0.023740523998476003
            ],
            [
                0.08970076160441826,
                -0.7651222853492403,
                0.6376061965112504
            ],
            [
                0.7220946651175284,
                -0.3909554815914669,
                -0.5707303268816095
            ],
            [
                0.6859541296445354,
                0.5116069779386712,
                0.517421715961041
            ]
        ],
        [
            [
                0.17373100775417893,
                0.013074300804959974,
                -0.02626627722522367
            ],
            [
                0.11890906919301575,
                -0.9606953733793565,
                -0.2508486253323894
            ],
            [
                0.7590473470445246,
                0.2508207551453754,
                -0.6007795550224497
            ],
            [
                0.6400841805640253,
                -0.11896784589040241,
                0.7590381370101753
            ]
        ],
        [
            [
                0.15860379880665032,
                0.0012447721506442834,
                0.02125107172698979
            ],
            [
                0.1801781839572157,
                -0.47685603440380075,
                -0.8603163049010296
            ],
            [
                0.9216322537683513,
                0.38745504646190815,
                -0.021738808271616006
            ],
            [
                0.34370017579243295,
                -0.788978396043822,
                0.5092968483471786
            ]
        ],
        [
            [
                0.18129664224555558,
                0.00371735183861022,
                0.012534953460635581
            ],
            [
                0.07259156596740188,
                -0.3169311688565527,
                -0.9456664838925085
            ],
            [
                0.9586872258922158,
                0.28365077915830084,
                -0.021471804627856472
            ],
            [
                0.27504411911816684,
                -0.9050397061400723,
                0.32442851731684064
            ]
        ],
        [
            [
                0.1737658096445584,
                0.013736178444755168,
                -0.023362585326903405
            ],
            [
                -0.005947471643230839,
                -0.4419502392016864,
                -0.8970198513135734
            ],
            [
                -0.815282263206801,
                -0.5172796233999364,
                0.2602626029909345
            ],
            [
                -0.5790332105168492,
                0.7328722789714401,
                -0.35723768534934564
            ]
        ],
        [
            [
                0.17623312493681587,
                0.01763819345643045,
                -0.021241166681719985
            ],
            [
                0.059276917337427903,
                -0.991615664502364,
                -0.11482430485096337
            ],
            [
                0.9414127312216297,
                0.09378812878766385,
                -0.3239534787470886
            ],
            [
                0.3320065007869628,
                -0.08889409885950705,
                0.9390790821987001
            ]
        ],
        [
            [
                0.1762365602498629,
                0.0012441861955895285,
                0.01634560386217302
            ],
            [
                0.36903614726169176,
                -0.9129060387706784,
                -0.17439864216866957
            ],
            [
                -0.3989637923699983,
                -0.32507550735821783,
                0.85741110728375
            ],
            [
                -0.8394285046339538,
                -0.24683694798758538,
                -0.484181068110039
            ]
        ],
        [
            [
                0.17376356107956747,
                0.013260909819224401,
                -0.023746712243670552
            ],
            [
                -0.241957607071148,
                -0.4692666003812465,
                -0.8492616641218602
            ],
            [
                -0.7717657515735392,
                -0.43741015667988314,
                0.46157337394114295
            ],
            [
                -0.5880766455816233,
                0.7671122555401573,
                -0.256329175712712
            ]
        ],
        [
            [
                0.17566334269114414,
                0.021235374560037382,
                -0.018753371688687813
            ],
            [
                -0.07383119812555339,
                -0.9682363624715083,
                -0.23888763168336574
            ],
            [
                0.9446491070500621,
                0.008883694416758015,
                -0.32796210836471645
            ],
            [
                0.3196670435513577,
                -0.24987882335534511,
                0.9139877214195401
            ]
        ],
        [
            [
                0.17375739201920082,
                0.013037769799935903,
                -0.026248793669803448
            ],
            [
                0.060784739483485006,
                -0.9108371172635885,
                -0.4082657973194437
            ],
            [
                0.712775077056323,
                0.3259443707707649,
                -0.6210571283627644
            ],
            [
                0.6987538228684533,
                -0.25325088939193563,
                0.6690344401067227
            ]
        ],
        [
            [
                0.16624900285106692,
                -0.0037470974486782903,
                0.022975059351657258
            ],
            [
                0.3854110861489755,
                -0.815648490827504,
                -0.4314809776621473
            ],
            [
                0.9213376591026686,
                0.36597531063356575,
                0.13114491955802213
            ],
            [
                0.05094322911518387,
                -0.44808437979635096,
                0.8925386131646282
            ]
        ],
        [
            [
                0.17873158894738445,
                0.00985175455527668,
                -0.011265627638188521
            ],
            [
                0.4325286117419554,
                -0.41694236573752275,
                -0.7994235821376391
            ],
            [
                -0.8849043330976586,
                -0.02636764525287031,
                -0.465025879439851
            ],
            [
                0.17281007288223937,
                0.9085503898722496,
                -0.380358867089251
            ]
        ],
        [
            [
                0.15860733596165688,
                0.0012581462813448553,
                0.02127325722725102
            ],
            [
                0.42422684279948764,
                -0.27349647278802397,
                -0.8632677830319446
            ],
            [
                0.8910610638236982,
                0.29595745458528555,
                0.34412114961562285
            ],
            [
                0.16137461505998418,
                -0.9152097379551358,
                0.36925515455621416
            ]
        ],
        [
            [
                0.15375807435130473,
                -0.00125780420303356,
                0.025906916217322475
            ],
            [
                -0.26310881543840453,
                -0.9475432164717987,
                0.18148169096875325
            ],
            [
                -0.9504441365631349,
                0.2868679842103114,
                0.11984449469153768
            ],
            [
                -0.1656191248357419,
                -0.14095606603970967,
                -0.9760643897485721
            ]
        ],
        [
            [
                0.17877204192749518,
                0.0012366218705057476,
                0.009811815896956103
            ],
            [
                -0.28134460281081036,
                -0.7720351406781154,
                -0.569918376635944
            ],
            [
                0.7139486828128478,
                0.22843112889080847,
                -0.6618885840256428
            ],
            [
                0.6411883442320415,
                -0.5931112550877728,
                0.4869256065449626
            ]
        ],
        [
            [
                0.17625305811560177,
                0.018750361706039557,
                -0.019953525744926447
            ],
            [
                -0.22501726581396592,
                -0.9449764749799631,
                -0.23745882131445556
            ],
            [
                0.9731871947711387,
                -0.22989840791357202,
                -0.007307938990374033
            ],
            [
                -0.04768557453873441,
                -0.2327362966390253,
                0.971370115974165
            ]
        ],
        [
            [
                0.15862828771818788,
                0.001248092813251802,
                0.021334773224551774
            ],
            [
                0.17224768038541388,
                -0.35308766302824895,
                -0.9195976505075978
            ],
            [
                0.9790542333803836,
                0.16424177056059847,
                0.12032227101858273
            ],
            [
                0.10855203683853132,
                -0.921061204817774,
                0.37398223524364993
            ]
        ],
        [
            [
                0.15860336906677386,
                0.0012530764967397003,
                0.021250395739524898
            ],
            [
                0.19658359346200688,
                -0.6750451107581305,
                -0.7111040635681305
            ],
            [
                0.9477261712167137,
                0.3167324177748254,
                -0.038674021272966264
            ],
            [
                0.2513364183171089,
                -0.666329253426605,
                0.7020223150694502
            ]
        ],
        [
            [
                0.14874723374530852,
                0.01840194483501312,
                -0.02377896830684497
            ],
            [
                0.15601589122086051,
                -0.7569093565016178,
                0.6346237213710715
            ],
            [
                0.3536565153872689,
                -0.5570927635611003,
                -0.7513818748891874
            ],
            [
                0.9222722541693937,
                0.34166632674023184,
                0.18077060148470497
            ]
        ],
        [
            [
                0.17563791864969824,
                0.021249703452555505,
                -0.01875128822521443
            ],
            [
                -0.1269682432993492,
                -0.9703589403944898,
                -0.20562731333643516
            ],
            [
                0.9831429772041574,
                -0.09561628153442958,
                -0.15584419488602785
            ],
            [
                0.1315634887330934,
                -0.2219483126811554,
                0.9661418089133528
            ]
        ],
        [
            [
                0.17604766998839327,
                0.02375127579896,
                -0.018756439007358093
            ],
            [
                0.18861556652457423,
                -0.9340481659316892,
                -0.30327906585232983
            ],
            [
                0.9082597837827268,
                0.28336357309954263,
                -0.30784614761795387
            ],
            [
                0.3734813693178935,
                -0.21739160324149626,
                0.9018051661043661
            ]
        ],
        [
            [
                0.15375738332622357,
                -0.0062515915145847055,
                0.027020640327265456
            ],
            [
                -0.19834958831719354,
                -0.9173580050348804,
                0.34512567480966105
            ],
            [
                -0.9749722248026527,
                0.1485877228052078,
                -0.16538092240318453
            ],
            [
                0.10043207494503556,
                -0.3692911848798815,
                -0.9238708887567828
            ]
        ],
        [
            [
                0.17377020975939228,
                0.013028665109820595,
                -0.02622971770676815
            ],
            [
                0.03858993006323347,
                -0.8750569655897753,
                -0.48247914387103796
            ],
            [
                0.7059977185601027,
                0.3655757106642748,
                -0.6065654302383547
            ],
            [
                0.7071619607173768,
                -0.3172218572941111,
                0.6318957624238589
            ]
        ],
        [
            [
                0.15860344485498334,
                0.0012520713787151395,
                0.021251857459227287
            ],
            [
                0.0033583868186959076,
                -0.29394285395372405,
                -0.9558170953940486
            ],
            [
                0.8883191614433528,
                0.4398067802230923,
                -0.13213274946952164
            ],
            [
                0.45921431668726836,
                -0.8486268877895258,
                0.2625921108299123
            ]
        ],
        [
            [
                0.17833780930957288,
                0.023408050602547335,
                -0.01668696433163088
            ],
            [
                -0.20488351570885355,
                -0.41728920894129773,
                -0.8853770163562673
            ],
            [
                -0.9089707185906041,
                -0.25438901879076636,
                0.3302400034271321
            ],
            [
                -0.36303578024164657,
                0.8724425157108159,
                -0.3271835555838982
            ]
        ],
        [
            [
                0.13624183831392678,
                0.016764698696807304,
                -0.03127883642128874
            ],
            [
                -0.2635972814643619,
                0.9635439779510361,
                -0.04582003665309771
            ],
            [
                0.9456904538211673,
                0.24876233224310704,
                -0.2092531185155546
            ],
            [
                -0.1902262830318478,
                -0.09849012443521063,
                -0.9767874162951856
            ]
        ],
        [
            [
                0.18122709618637778,
                0.008765038697941919,
                0.01274828740471177
            ],
            [
                0.23972109679903258,
                -0.7359624957152318,
                -0.6331611174496399
            ],
            [
                0.9663836123179197,
                0.24331901074995715,
                0.08305764775763541
            ],
            [
                0.09293282301123773,
                -0.6317871982782415,
                0.7695507952688323
            ]
        ],
        [
            [
                0.17624974936206583,
                0.0012504115334583989,
                0.01633465685533273
            ],
            [
                0.1796329918755551,
                -0.8978078415619057,
                -0.4020858961214496
            ],
            [
                -0.7390787604838469,
                -0.3929189853207114,
                0.5471537779968294
            ],
            [
                -0.6492261347415843,
                0.19888627555589394,
                -0.7341319195921179
            ]
        ],
        [
            [
                0.17624214868451316,
                0.0038012355913623376,
                0.011233108788217575
            ],
            [
                0.10729764393123795,
                -0.3515814794578161,
                -0.9299879993360445
            ],
            [
                0.9388535529219928,
                0.34363903958541464,
                -0.021592050355743908
            ],
            [
                0.32717154792639963,
                -0.8708057612206452,
                0.3669551804408497
            ]
        ],
        [
            [
                0.17876550976629396,
                0.0005656136363565469,
                0.00875632138198155
            ],
            [
                -0.3100128516592577,
                -0.49902632943145064,
                -0.8092371434507121
            ],
            [
                0.6663444490465816,
                0.4930804380353825,
                -0.5593359963846801
            ],
            [
                0.6781423943619088,
                -0.7126320257755813,
                0.17966215185199313
            ]
        ],
        [
            [
                0.13119472335445753,
                0.017031759149588047,
                -0.02647468874806349
            ],
            [
                -0.25821828393575735,
                -0.35214810979567596,
                0.8996193787422573
            ],
            [
                0.9245571831367465,
                0.18001357052765238,
                0.33584092891744205
            ],
            [
                -0.2802094447935634,
                0.918469827045624,
                0.27909826917282105
            ]
        ],
        [
            [
                0.07039770827456276,
                0.006538854674599418,
                -0.009708251883126092
            ],
            [
                -0.18480701847214065,
                0.3580327769163419,
                -0.9152370712427524
            ],
            [
                0.9365110588092174,
                0.3465255801208354,
                -0.05354492552947715
            ],
            [
                0.29798221868339164,
                -0.8670251166924126,
                -0.39934201428478816
            ]
        ],
        [
            [
                0.1585959165661424,
                0.0012393343117886903,
                0.021239159615227467
            ],
            [
                0.21757042677334487,
                -0.2380216247908986,
                -0.9465774218338219
            ],
            [
                0.9277544219413965,
                0.3517031128321894,
                0.12480646214172336
            ],
            [
                0.3032075888922469,
                -0.905345584048461,
                0.2973458112738455
            ]
        ],
        [
            [
                0.1762666955617871,
                0.0012359414157449046,
                0.01634961223352479
            ],
            [
                0.2867683374270056,
                -0.9426758515795988,
                -0.17066387871494554
            ],
            [
                -0.642624413675148,
                -0.32140681726111797,
                0.6955081025888561
            ],
            [
                -0.7104912269676689,
                -0.08977692725169911,
                -0.6979558150307366
            ]
        ],
        [
            [
                0.15860044618970537,
                0.001258288788618809,
                0.02124856482364377
            ],
            [
                0.03827807514299608,
                -0.40127522397756177,
                -0.9151573545489895
            ],
            [
                0.9636218557510682,
                0.2572502214120026,
                -0.07249305278675389
            ],
            [
                0.264514098078372,
                -0.879090733772819,
                0.3965246193019446
            ]
        ],
        [
            [
                0.16876200812851294,
                0.017378618890061984,
                -0.023740428686857544
            ],
            [
                0.4265568209585089,
                -0.7406869636938727,
                -0.5190684928867508
            ],
            [
                0.49835399043508205,
                0.6713958784977359,
                -0.5485169774525527
            ],
            [
                0.7547798213460672,
                -0.024706196595305263,
                0.6555127955567255
            ]
        ],
        [
            [
                0.17564356730048036,
                0.021227759017972223,
                -0.018745453478119477
            ],
            [
                0.23407277720130693,
                -0.951980543109074,
                -0.1973397590832124
            ],
            [
                0.8165515509500909,
                0.30267140943097326,
                -0.4915623892793973
            ],
            [
                0.5276869333366792,
                -0.046076712717175866,
                0.8481883263349657
            ]
        ],
        [
            [
                0.17626392183771178,
                0.0012830514010874032,
                0.016256297913867825
            ],
            [
                -0.0919186520675963,
                -0.8431496826049603,
                -0.5297636964961183
            ],
            [
                -0.9576482607431196,
                -0.07093977345646583,
                0.2790651487334518
            ],
            [
                -0.2728750081956104,
                0.5329785748649757,
                -0.8009201387386543
            ]
        ],
        [
            [
                0.17626659928320154,
                0.017660372477727757,
                -0.021245407433694206
            ],
            [
                -0.11729285919852317,
                -0.9774941585089465,
                -0.17534980827455174
            ],
            [
                0.9688099106419252,
                -0.07381577817744212,
                -0.2365556761822547
            ],
            [
                0.21828820907923654,
                -0.19762692370460383,
                0.9556640920344525
            ]
        ],
        [
            [
                0.17625931748803791,
                0.018735607886657814,
                -0.019949221442150854
            ],
            [
                0.006465757424818919,
                -0.9639530120065453,
                -0.26599395599229814
            ],
            [
                0.9331980343924778,
                0.10139335742457589,
                -0.34476196959088756
            ],
            [
                0.35930435926514903,
                -0.24599588962761432,
                0.9002146409048118
            ]
        ],
        [
            [
                0.14915083079309965,
                0.01135552324407341,
                -0.008756430224763153
            ],
            [
                0.5033339803242416,
                0.2962935315893889,
                0.8117050248638626
            ],
            [
                -0.1636974573623785,
                -0.8896662889282969,
                0.4262593539121979
            ],
            [
                0.8484444865187399,
                -0.34742486595354666,
                -0.39929677661247376
            ]
        ],
        [
            [
                0.17624714463054414,
                0.001260834814077464,
                0.016345391530481625
            ],
            [
                -0.1647375288173475,
                -0.9462565443451475,
                -0.27831654439349085
            ],
            [
                -0.9098709251580471,
                0.03685601862959821,
                0.4132511747627762
            ],
            [
                -0.3807839888325052,
                0.3213101090453817,
                -0.867042886871262
            ]
        ],
        [
            [
                0.15860296162080778,
                0.0012490905844893575,
                0.021250124042111997
            ],
            [
                0.2694428397185952,
                -0.6149931826498412,
                -0.7410694578908235
            ],
            [
                0.928461267419546,
                0.37018561969748676,
                0.030369094008193542
            ],
            [
                0.25565647072990383,
                -0.6962370230484783,
                0.6707412144117306
            ]
        ],
        [
            [
                0.1686798462260497,
                0.01790034494408577,
                -0.028922067750675982
            ],
            [
                0.7422479339165644,
                -0.6203092176275934,
                0.2535438406328088
            ],
            [
                0.6628464147856951,
                0.735221505750022,
                -0.1417179166105022
            ],
            [
                -0.09850195430722415,
                0.2732504565575581,
                0.9568863845769486
            ]
        ],
        [
            [
                0.15123398201503557,
                0.021262640169823935,
                -0.021331952816968112
            ],
            [
                -0.4190966556499065,
                -0.6904835699743834,
                -0.5895680052534182
            ],
            [
                -0.8565068817696804,
                0.08521262256838713,
                0.5090528169416181
            ],
            [
                -0.30125397043730834,
                0.7183113869001719,
                -0.6271162545695248
            ]
        ],
        [
            [
                0.14875091880083335,
                0.018397611126274974,
                -0.02375709656231558
            ],
            [
                0.2149987773152519,
                -0.7759420321111591,
                0.5930341377662437
            ],
            [
                0.559987256890269,
                -0.39954567831595433,
                -0.7257944082586723
            ],
            [
                0.8001186148774811,
                0.48813647040786584,
                0.3486158177482658
            ]
        ],
        [
            [
                0.17564180579010014,
                0.021250897666168663,
                -0.01875020297114751
            ],
            [
                -0.00045178988452809765,
                -0.3610039903715669,
                -0.9325641612359474
            ],
            [
                -0.9863335809619123,
                -0.15348844869686407,
                0.059894600620435445
            ],
            [
                -0.16476001624408626,
                0.9198464084032922,
                -0.356001014036214
            ]
        ],
        [
            [
                0.15374532230754612,
                0.002097453765604756,
                0.026781404431035306
            ],
            [
                0.2346958518190297,
                -0.9576688812758433,
                0.16669784334182378
            ],
            [
                -0.721431114617639,
                -0.056666850913352496,
                0.6901637594579385
            ],
            [
                -0.6515021135809855,
                -0.28223958234705326,
                -0.7041916032984701
            ]
        ],
        [
            [
                0.14373469712421105,
                0.015404037850360989,
                -0.028729534100536823
            ],
            [
                0.5085521210393726,
                -0.7162254475757519,
                0.477907782350601
            ],
            [
                0.44808890997760886,
                -0.2538125541570977,
                -0.8572021442503098
            ],
            [
                0.7352489843185326,
                0.6500771458812905,
                0.19185576733943097
            ]
        ],
        [
            [
                0.17625868277494494,
                0.01873058405458825,
                -0.01994189142682625
            ],
            [
                -0.025909592363856315,
                -0.9319389591783265,
                -0.36168835948804967
            ],
            [
                0.9481879611257211,
                0.09169568404518941,
                -0.3041898944799665
            ],
            [
                0.316651675188664,
                -0.35082998431306106,
                0.8812775038017879
            ]
        ],
        [
            [
                0.17625188678661718,
                0.0012450914505333123,
                0.016329188890789673
            ],
            [
                0.3008674296406116,
                -0.9196193326383244,
                -0.2525451896578015
            ],
            [
                -0.6789850527191654,
                -0.39251705379671814,
                0.6204108805160471
            ],
            [
                -0.6696701336967359,
                -0.01518701802815775,
                -0.7425033781189205
            ]
        ],
        [
            [
                0.17624801804962398,
                0.018727761065663488,
                -0.01995106525762127
            ],
            [
                -0.08680803085182476,
                -0.9130823180241744,
                -0.3984282197475843
            ],
            [
                0.9961902007707256,
                -0.07621486972689262,
                -0.042383694044933196
            ],
            [
                0.008333646741395084,
                -0.40058953324333557,
                0.9162197204753216
            ]
        ],
        [
            [
                0.1812340609535329,
                -0.0012510943870586433,
                0.008358313762647377
            ],
            [
                -0.17689328654731706,
                -0.7782025044703655,
                -0.6025857841092334
            ],
            [
                0.8951393492798063,
                0.12733103509448884,
                -0.4272146449651405
            ],
            [
                0.40918737828214324,
                -0.6149696492818298,
                0.6740756781821826
            ]
        ],
        [
            [
                0.0704988949945683,
                0.009254125191853372,
                -0.008783618109253674
            ],
            [
                -0.290865107946755,
                0.9280227318674205,
                -0.2327472838003748
            ],
            [
                -0.5167927347279077,
                0.0523346794111178,
                0.8545094210501052
            ],
            [
                0.8051849218108675,
                0.3688290802909462,
                0.4643730733151544
            ]
        ],
        [
            [
                0.15860677159301628,
                0.0012519051970456031,
                0.021254739674643953
            ],
            [
                0.22859106366115742,
                -0.3001194273295483,
                -0.9261071509029855
            ],
            [
                0.935999589978937,
                0.32931955817307657,
                0.1243116895708204
            ],
            [
                0.26767684467193464,
                -0.8952524548662651,
                0.35619116901237646
            ]
        ],
        [
            [
                0.16382254622563652,
                0.018312232952446897,
                -0.03120225364433523
            ],
            [
                -0.15469774948146797,
                -0.9469440977182497,
                0.2817187996956173
            ],
            [
                0.7040892018714286,
                0.09436311079701731,
                0.7038138952370612
            ],
            [
                -0.6930562762961058,
                0.3072335904768231,
                0.6521353531049335
            ]
        ],
        [
            [
                0.17474181333495398,
                0.012232499453352561,
                -0.025019307208040763
            ],
            [
                0.026175226557383913,
                -0.9171023383340331,
                -0.39779160189340157
            ],
            [
                0.7787533112688663,
                0.26820741217158306,
                -0.567104985204679
            ],
            [
                0.6267839641395161,
                -0.29493742569987874,
                0.721216872528009
            ]
        ],
        [
            [
                0.17835440149900172,
                0.018749939482746964,
                -0.016251728066431402
            ],
            [
                -0.19619457844253657,
                -0.5108425783251139,
                -0.8369871848241797
            ],
            [
                -0.9258867942961794,
                -0.18454004044081912,
                0.32966440150863374
            ],
            [
                -0.3228642617845774,
                0.8396337497053409,
                -0.43677664179537945
            ]
        ],
        [
            [
                0.0704204034782997,
                0.009119116774084005,
                -0.008725275657942193
            ],
            [
                0.0723093885780437,
                0.9965221505386426,
                0.04141202493610918
            ],
            [
                -0.9544075805127936,
                0.08119072256580728,
                -0.2872529143959344
            ],
            [
                -0.289616164229805,
                -0.018752867916176308,
                0.9569591461299347
            ]
        ],
        [
            [
                0.17404751217596026,
                0.012953521315569715,
                -0.024112523991184652
            ],
            [
                0.0030467416427511496,
                -0.9786164767483387,
                -0.20567087494837674
            ],
            [
                0.8482101757558056,
                0.11146384204382481,
                -0.517798522266272
            ],
            [
                0.5296510314439763,
                -0.1728745306674693,
                0.8304120552694515
            ]
        ],
        [
            [
                0.15860577074658425,
                0.001267158200148031,
                0.021263341876802656
            ],
            [
                -0.054286816019266854,
                -0.15842413205001993,
                -0.9858776475763553
            ],
            [
                0.9583148900092415,
                0.2690991446766634,
                -0.09601157180706621
            ],
            [
                0.28050938164893086,
                -0.9499933919341155,
                0.13721166892232026
            ]
        ],
        [
            [
                0.1781557336490187,
                0.021254384449621053,
                -0.016240913536470745
            ],
            [
                0.17466735618250645,
                -0.9589954873513271,
                -0.223201635128429
            ],
            [
                0.8801688050102274,
                0.253683554943471,
                -0.4011826624345965
            ],
            [
                0.4413549471469442,
                -0.12638160147360816,
                0.8883881479611737
            ]
        ],
        [
            [
                0.17632700083835567,
                0.0037317419956415,
                0.011250769957624621
            ],
            [
